bitly_link,email1_clicks,email2_clicks,total_clicks
https://bit.ly/45CZ0rY,23,3,26
https://bit.ly/45B68VW,15,0,15
https://bit.ly/45KhvLd,0,12,12
https://bit.ly/4boR7YI,11,0,11
https://bit.ly/3zbYa9z,8,0,8
https://bit.ly/45Bqnmi,6,2,8
https://bit.ly/4cf9ccJ,7,0,7
https://bit.ly/45Bow0W,7,0,7
https://bit.ly/3xlwEpJ,0,6,6
https://bit.ly/3XCetXp,0,6,6
https://bit.ly/45KhNlh,4,2,6
https://bit.ly/3xiUO4c,6,0,6
https://bit.ly/4bmw9t7,6,0,6
https://bit.ly/3zgasOa,0,6,6
https://bit.ly/4cbINg5,4,1,5
https://bit.ly/4cba5TO,5,0,5
https://bit.ly/45KhNBN,5,0,5
https://bit.ly/4ccSD1b,4,1,5
https://bit.ly/45EDFON,5,0,5
https://bit.ly/45APDJi,5,0,5
https://bit.ly/3znLQ64,4,0,4
https://bit.ly/45K1KEc,4,0,4
https://bit.ly/45KhPJV,0,4,4
https://bit.ly/4cdqBTc,4,0,4
https://bit.ly/3XzQg3S,4,0,4
https://bit.ly/4bj4FF1,0,4,4
https://bit.ly/4cedHV5,4,0,4
https://bit.ly/3zbY0Pv,4,0,4
https://bit.ly/4ct0jN3,0,4,4
https://bit.ly/4blhLkW,2,2,4
https://bit.ly/3xiUUJ6,4,0,4
https://bit.ly/3zcT6lt,4,0,4
https://bit.ly/3zgasxE,4,0,4
https://bit.ly/3zgLqyB,0,3,3
https://bit.ly/45AawEH,3,0,3
https://bit.ly/45Bmy0i,0,3,3
https://bit.ly/4cdqAi6,3,0,3
https://bit.ly/4cbOt9z,0,3,3
https://bit.ly/3zhBS6s,3,0,3
https://bit.ly/4bj4x8v,2,1,3
https://bit.ly/45Khzur,3,0,3
https://bit.ly/4cedv8j,3,0,3
https://bit.ly/4cbIOAF,3,0,3
https://bit.ly/4cbIORb,3,0,3
https://bit.ly/4bj4uJR,3,0,3
https://bit.ly/3XCetGT,3,0,3
https://bit.ly/4cakPla,3,0,3
https://bit.ly/4blhIpg,3,0,3
https://bit.ly/3zfR7wA,0,3,3
https://bit.ly/4bmc7PA,3,0,3
https://bit.ly/45KhNSj,0,3,3
https://bit.ly/45B688o,3,0,3
https://bit.ly/45APtSc,3,0,3
https://bit.ly/45BRnSB,3,0,3
https://bit.ly/4bfY8e4,0,3,3
https://bit.ly/45F9bfH,0,3,3
https://bit.ly/45DeMmM,2,1,3
https://bit.ly/3XybkHZ,0,3,3
https://bit.ly/45F997z,0,3,3
https://bit.ly/3zjaFQU,0,3,3
https://bit.ly/3znGBTU,3,0,3
https://bit.ly/4bj4vNV,0,3,3
https://bit.ly/4bgHGKs,0,3,3
https://bit.ly/3XCqtbo,2,0,2
https://bit.ly/45DeD2I,2,0,2
https://bit.ly/45KhA1t,2,0,2
https://bit.ly/4bifXco,2,0,2
https://bit.ly/3zd01ei,0,2,2
https://bit.ly/4c4n8WZ,2,0,2
https://bit.ly/3zbGfQu,0,2,2
https://bit.ly/45zKb9H,2,0,2
https://bit.ly/45B6agw,2,0,2
https://bit.ly/3xkqaaF,0,2,2
https://bit.ly/45TMvZv,2,0,2
https://bit.ly/3xlwGhl,2,0,2
https://bit.ly/45GSuke,0,2,2
https://bit.ly/4boRa6Q,2,0,2
https://bit.ly/45B6bRC,2,0,2
https://bit.ly/3XAJwTh,2,0,2
https://bit.ly/45F1lTo,0,2,2
https://bit.ly/45zW67v,2,0,2
https://bit.ly/45F9gQx,0,2,2
https://bit.ly/3XwAVkL,2,0,2
https://bit.ly/4boRdj2,0,2,2
https://bit.ly/45C0EKs,2,0,2
https://bit.ly/3zhBR2o,0,2,2
https://bit.ly/45FDe7e,2,0,2
https://bit.ly/45DeJHC,1,1,2
https://bit.ly/4cgxbbI,2,0,2
https://bit.ly/45Bos1c,2,0,2
https://bit.ly/3znGBDo,2,0,2
https://bit.ly/4cdqzuy,0,2,2
https://bit.ly/45KhDKH,0,2,2
https://bit.ly/3zbGaMG,2,0,2
https://bit.ly/45E8u6r,2,0,2
https://bit.ly/4bixBNt,0,2,2
https://bit.ly/45DezA0,2,0,2
https://bit.ly/3XzduqU,2,0,2
https://bit.ly/3XCTFz8,2,0,2
https://bit.ly/45F9ffr,2,0,2
https://bit.ly/4bbhQYw,2,0,2
https://bit.ly/3zbYchH,2,0,2
https://bit.ly/4bj4yJB,2,0,2
https://bit.ly/45Khxmj,0,2,2
https://bit.ly/3znLQmA,2,0,2
https://bit.ly/45H9Jld,2,0,2
https://bit.ly/45FD9QY,0,2,2
https://bit.ly/45K1NQo,1,1,2
https://bit.ly/3XAJwCL,2,0,2
https://bit.ly/3XCeuur,2,0,2
https://bit.ly/45CYZUW,2,0,2
https://bit.ly/3zbYbKF,1,1,2
https://bit.ly/4cba6qQ,2,0,2
https://bit.ly/4cfih5g,2,0,2
https://bit.ly/45KhDub,2,0,2
https://bit.ly/3XwF9c4,2,0,2
https://bit.ly/3XAaqL4,2,0,2
https://bit.ly/3XCTGTI,2,0,2
https://bit.ly/45H9FBZ,0,2,2
https://bit.ly/3XCqtIq,1,1,2
https://bit.ly/45E8tzp,2,0,2
https://bit.ly/3znLP20,2,0,2
https://bit.ly/3xiUVwE,2,0,2
https://bit.ly/45FDgfm,2,0,2
https://bit.ly/3XU7gST,2,0,2
https://bit.ly/4bftS35,2,0,2
https://bit.ly/45GSv7M,2,0,2
https://bit.ly/45DeCvG,0,2,2
https://bit.ly/3XABWbi,2,0,2
https://bit.ly/4c8pMei,2,0,2
https://bit.ly/3XANmfq,2,0,2
https://bit.ly/4cdqHu2,2,0,2
https://bit.ly/45zW1Rf,2,0,2
https://bit.ly/4boRbHW,1,1,2
https://bit.ly/3XCTG6a,2,0,2
https://bit.ly/4bmwaNH,2,0,2
https://bit.ly/45APwNS,2,0,2
https://bit.ly/45Bqlea,1,1,2
https://bit.ly/4c4naOB,0,2,2
https://bit.ly/45CYWse,2,0,2
https://bit.ly/45APzJy,2,0,2
https://bit.ly/45KhEhJ,2,0,2
https://bit.ly/3zcTbFN,1,1,2
https://bit.ly/3zhBRiU,0,2,2
https://bit.ly/45zW9QJ,2,0,2
https://bit.ly/3xiUQsQ,2,0,2
https://bit.ly/45EDF1f,2,0,2
https://bit.ly/3zcT8d5,2,0,2
https://bit.ly/45EDGlP,0,2,2
https://bit.ly/4bixAJp,0,2,2
https://bit.ly/45BqluG,0,2,2
https://bit.ly/45KhKWD,2,0,2
https://bit.ly/45APHc0,2,0,2
https://bit.ly/3zbY3uF,2,0,2
https://bit.ly/4bmc722,2,0,2
https://bit.ly/45zKcdL,2,0,2
https://bit.ly/45APIwA,2,0,2
https://bit.ly/3zjayos,2,0,2
https://bit.ly/45Bqoqm,2,0,2
https://bit.ly/4bfBcf4,0,2,2
https://bit.ly/4c8pNim,0,2,2
https://bit.ly/45KhIxZ,2,0,2
https://bit.ly/3xlwFKj,2,0,2
https://bit.ly/3zgLsqd,0,2,2
https://bit.ly/45TMxR7,0,2,2
https://bit.ly/4cgxdjQ,2,0,2
https://bit.ly/4bwOowp,2,0,2
https://bit.ly/45KhEyf,2,0,2
https://bit.ly/4ccSCdD,0,2,2
https://bit.ly/3xmejZE,2,0,2
https://bit.ly/3xiUUsA,0,2,2
https://bit.ly/45KhB5x,2,0,2
https://bit.ly/45F1mqq,0,2,2
https://bit.ly/4cdoCOy,2,0,2
https://bit.ly/4beSd9i,2,0,2
https://bit.ly/4cedzoz,0,2,2
https://bit.ly/3XH6nNn,2,0,2
https://bit.ly/45E8tPV,0,2,2
https://bit.ly/3xiUOkI,1,1,2
https://bit.ly/3zhBViE,2,0,2
https://bit.ly/45EDLpD,2,0,2
https://bit.ly/3XCqsUS,2,0,2
https://bit.ly/45FaKtZ,1,1,2
https://bit.ly/45DeyMs,2,0,2
https://bit.ly/45BRoWF,0,2,2
https://bit.ly/4cedIZ9,0,1,1
https://bit.ly/45KhPcT,1,0,1
https://bit.ly/4bb2Dqk,1,0,1
https://bit.ly/3zhBQeQ,1,0,1
https://bit.ly/45F9hE5,0,1,1
https://bit.ly/45KhQgX,1,0,1
https://bit.ly/4cba56g,1,0,1
https://bit.ly/45F1gPm,1,0,1
https://bit.ly/3zqwrBW,0,1,1
https://bit.ly/45C0G52,1,0,1
https://bit.ly/4cdqJCa,1,0,1
https://bit.ly/45F9erT,0,1,1
https://bit.ly/4c8pN1Q,1,0,1
https://bit.ly/3Xxeegl,1,0,1
https://bit.ly/3zgLqi5,1,0,1
https://bit.ly/3zbYaGB,1,0,1
https://bit.ly/3XF3AEb,0,1,1
https://bit.ly/4cdlp1x,1,0,1
https://bit.ly/4bwOqEx,1,0,1
https://bit.ly/45KhGGn,1,0,1
https://bit.ly/3zfOvyL,1,0,1
https://bit.ly/45F1oyy,1,0,1
https://bit.ly/4bgHJpC,1,0,1
https://bit.ly/3xkZNBn,1,0,1
https://bit.ly/4cqeKB6,1,0,1
https://bit.ly/45Khw1J,1,0,1
https://bit.ly/3XBBN7z,1,0,1
https://bit.ly/4cduYOa,1,0,1
https://bit.ly/4bmc4TU,1,0,1
https://bit.ly/4bixCB1,1,0,1
https://bit.ly/3XCeri5,1,0,1
https://bit.ly/3zbGafE,0,1,1
https://bit.ly/45K1JQE,0,1,1
https://bit.ly/4cgeGE8,1,0,1
https://bit.ly/45z0lQN,1,0,1
https://bit.ly/4cbINN7,1,0,1
https://bit.ly/45zK8e1,1,0,1
https://bit.ly/45BRptH,1,0,1
https://bit.ly/45APuFK,1,0,1
https://bit.ly/3zpwmyr,1,0,1
https://bit.ly/45C0Auc,1,0,1
https://bit.ly/45z0iEB,1,0,1
https://bit.ly/45AaBIv,0,1,1
https://bit.ly/4cgeHYI,1,0,1
https://bit.ly/45KhGWT,1,0,1
https://bit.ly/45EDHWV,1,0,1
https://bit.ly/3zfOuLd,1,0,1
https://bit.ly/4beWVUn,1,0,1
https://bit.ly/45DeE6M,0,1,1
https://bit.ly/4cedCRh,1,0,1
https://bit.ly/45FaL11,1,0,1
https://bit.ly/3XCTGDc,1,0,1
https://bit.ly/4bj4wkX,1,0,1
https://bit.ly/45zW7Z7,1,0,1
https://bit.ly/3znSVn7,1,0,1
https://bit.ly/4cbaaqA,1,0,1
https://bit.ly/3XybkYv,1,0,1
https://bit.ly/3zfOv1J,0,1,1
https://bit.ly/3XCHbrk,1,0,1
https://bit.ly/45KhK95,1,0,1
https://bit.ly/45F9eIp,1,0,1
https://bit.ly/3zcT6Sv,1,0,1
https://bit.ly/3XCesCF,1,0,1
https://bit.ly/45GSqB0,1,0,1
https://bit.ly/45B69sY,1,0,1
https://bit.ly/45APsxC,1,0,1
https://bit.ly/4bj4zgD,1,0,1
https://bit.ly/4bj4BVN,1,0,1
https://bit.ly/3zgLq1z,1,0,1
https://bit.ly/45DeKLG,1,0,1
https://bit.ly/3xkZJS9,1,0,1
https://bit.ly/4cjDlI8,1,0,1
https://bit.ly/4cedyRx,1,0,1
https://bit.ly/45FaLy3,0,1,1
https://bit.ly/4bfGszs,1,0,1
https://bit.ly/3zbGbQK,1,0,1
https://bit.ly/4cfzk7e,1,0,1
https://bit.ly/3XzduXW,1,0,1
https://bit.ly/4cgxa7E,1,0,1
https://bit.ly/45TMyEF,0,1,1
https://bit.ly/4cba0zu,1,0,1
https://bit.ly/4bjppfL,0,1,1
https://bit.ly/4bixCkv,0,1,1
https://bit.ly/45Bmyxk,0,1,1
https://bit.ly/45F9c3f,0,1,1
https://bit.ly/45KhN4L,0,1,1
https://bit.ly/3zqwspu,0,1,1
https://bit.ly/4bwOrs5,1,0,1
https://bit.ly/4cf9aS9,1,0,1
https://bit.ly/45C0CCk,0,1,1
https://bit.ly/4cedKjJ,1,0,1
https://bit.ly/4cgxeUW,1,0,1
https://bit.ly/3zcT8tB,1,0,1
https://bit.ly/45zKe5n,0,1,1
https://bit.ly/4bcztHf,1,0,1
https://bit.ly/3xiUUc4,1,0,1
https://bit.ly/45TMy7D,1,0,1
https://bit.ly/3XCHbYm,1,0,1
https://bit.ly/45z0hR3,1,0,1
https://bit.ly/4cfii9k,0,1,1
https://bit.ly/3xiUUZC,1,0,1
https://bit.ly/3XABWrO,1,0,1
https://bit.ly/3zhBSU0,1,0,1
https://bit.ly/3XH6oRr,1,0,1
https://bit.ly/4cdlnqr,1,0,1
https://bit.ly/45DeGvq,0,1,1
https://bit.ly/3zbY2H7,1,0,1
https://bit.ly/3XwAWoP,0,1,1
https://bit.ly/45EKct9,1,0,1
https://bit.ly/45BqkXE,0,1,1
https://bit.ly/4bcztXL,1,0,1
https://bit.ly/45BoshI,0,1,1
https://bit.ly/3XItTcu,1,0,1
https://bit.ly/3XzdreI,1,0,1
https://bit.ly/4cedAsD,0,1,1
https://bit.ly/45TMvbX,1,0,1
https://bit.ly/45KhOFR,0,1,1
https://bit.ly/3zjaBAE,1,0,1
https://bit.ly/45F9cjL,1,0,1
https://bit.ly/45zW3IR,1,0,1
https://bit.ly/45BoxC2,1,0,1
https://bit.ly/3zfOwmj,1,0,1
https://bit.ly/45K1NzS,1,0,1
https://bit.ly/45FDcME,1,0,1
https://bit.ly/3XAari6,1,0,1
https://bit.ly/45EDG5j,1,0,1
https://bit.ly/45K1K7a,1,0,1
https://bit.ly/3zjawgk,1,0,1
https://bit.ly/4cgx5AS,1,0,1
https://bit.ly/45z0kwd,1,0,1
https://bit.ly/45APu8I,1,0,1
https://bit.ly/4cedyB1,1,0,1
https://bit.ly/4cqeJNy,0,1,1
https://bit.ly/4cb9W2I,0,1,1
https://bit.ly/45F9gjv,1,0,1
https://bit.ly/45DeHQ0,1,0,1
https://bit.ly/45B6dZK,1,0,1
https://bit.ly/45EKdgH,1,0,1
https://bit.ly/3XItSoW,0,1,1
https://bit.ly/4bb2HX6,1,0,1
https://bit.ly/45Bou9k,0,1,1
https://bit.ly/45B68oU,1,0,1
https://bit.ly/45APFRq,1,0,1
https://bit.ly/4cgxm6S,1,0,1
https://bit.ly/45DeFaQ,1,0,1
https://bit.ly/4cbaG7L,1,0,1
https://bit.ly/45H9Ih9,1,0,1
https://bit.ly/3XBjSxT,1,0,1
https://bit.ly/45DeDQg,1,0,1
https://bit.ly/3XU7hpV,1,0,1
https://bit.ly/45H9Hd5,1,0,1
https://bit.ly/45KhMxJ,1,0,1
https://bit.ly/45TMvIZ,1,0,1
https://bit.ly/3XzdrLK,1,0,1
https://bit.ly/4bmc5aq,1,0,1
https://bit.ly/45z0jIF,1,0,1
https://bit.ly/4cdqGGu,0,1,1
https://bit.ly/4cbIOk9,1,0,1
https://bit.ly/3zbYbdD,1,0,1
https://bit.ly/45H9Ddl,1,0,1
https://bit.ly/45DeHiY,1,0,1
https://bit.ly/4bfYbGM,1,0,1
https://bit.ly/45CZ0Iu,1,0,1
https://bit.ly/45TMuop,0,1,1
https://bit.ly/4cbILVv,1,0,1
https://bit.ly/45Aaz3l,1,0,1
https://bit.ly/3zbYdlL,0,1,1
https://bit.ly/45FaNpF,0,1,1
https://bit.ly/3XAJxXl,0,1,1
https://bit.ly/4cjDkE4,1,0,1
https://bit.ly/4bgKS9b,1,0,1
https://bit.ly/4biTxbc,1,0,1
https://bit.ly/45F9aIF,1,0,1
https://bit.ly/3XItU02,1,0,1
https://bit.ly/4beWVDR,1,0,1
https://bit.ly/4be3yWZ,1,0,1
https://bit.ly/45H9HK7,1,0,1
https://bit.ly/45AavR9,1,0,1
https://bit.ly/45BRpKd,0,1,1
https://bit.ly/4bfWfOr,1,0,1
https://bit.ly/45F1mXs,0,1,1
https://bit.ly/45APCFe,0,1,1
https://bit.ly/3XF3A79,1,0,1
https://bit.ly/3XwAUNJ,1,0,1
https://bit.ly/45EKccD,1,0,1
https://bit.ly/3zjazZy,1,0,1
https://bit.ly/45E8sLR,1,0,1
https://bit.ly/3XzQfgk,1,0,1
https://bit.ly/45APG7W,1,0,1
https://bit.ly/3xkZMNP,1,0,1
https://bit.ly/4bjpq3j,1,0,1
https://bit.ly/3xlwIpt,1,0,1
https://bit.ly/4cf9d0h,1,0,1
https://bit.ly/45KhyXp,0,1,1
https://bit.ly/45C0BhK,1,0,1
https://bit.ly/4ciAbEj,1,0,1
https://bit.ly/3zhBRzq,1,0,1
https://bit.ly/4cdjtWY,1,0,1
https://bit.ly/4cqeIsY,1,0,1
https://bit.ly/45zW13H,1,0,1
https://bit.ly/3XzdtDm,1,0,1
https://bit.ly/45GStga,1,0,1
https://bit.ly/3zbGg70,1,0,1
https://bit.ly/4bbhNvO,1,0,1
https://bit.ly/45BRspn,1,0,1
https://bit.ly/45FDd3a,0,1,1
https://bit.ly/4bifS8A,0,1,1
https://bit.ly/45BmwFI,1,0,1
https://bit.ly/3zjaFjS,1,0,1
https://bit.ly/45F1nuu,0,1,1
https://bit.ly/45BqkH8,1,0,1
https://bit.ly/45GSsZE,1,0,1
https://bit.ly/4bmwcoN,0,1,1
https://bit.ly/3zgLr5D,1,0,1
https://bit.ly/45BmxcK,1,0,1
https://bit.ly/3XwhMzn,1,0,1
https://bit.ly/45z0mnP,1,0,1
https://bit.ly/4bfYelW,1,0,1
https://bit.ly/3XCesm9,0,1,1
https://bit.ly/45zW3sl,1,0,1
https://bit.ly/4bj4EAX,1,0,1
https://bit.ly/45FDcfC,1,0,1
https://bit.ly/45C0GC4,0,1,1
https://bit.ly/4cba3eE,1,0,1
https://bit.ly/45KhE1d,1,0,1
https://bit.ly/45K1Qf2,0,1,1
https://bit.ly/4cdlm5R,1,0,1
https://bit.ly/45z0kfH,1,0,1
https://bit.ly/3XCTFPE,0,1,1
https://bit.ly/3XzdsPO,0,1,1
https://bit.ly/45KhzdV,1,0,1
https://bit.ly/4bwOoMV,1,0,1
https://bit.ly/45BRttr,1,0,1
https://bit.ly/3XANlIo,1,0,1
https://bit.ly/4bgg8F9,1,0,1
https://bit.ly/4bfY6Tu,1,0,1
https://bit.ly/4bgg887,1,0,1
https://bit.ly/3zcT7px,0,1,1
https://bit.ly/4boRbrq,1,0,1
https://bit.ly/3zbGcEi,1,0,1
https://bit.ly/4cgxlzQ,1,0,1
https://bit.ly/3zjaAN6,1,0,1
https://bit.ly/4boRbYs,1,0,1
https://bit.ly/45KhF5h,1,0,1
https://bit.ly/45APCVK,1,0,1
https://bit.ly/4cdlnXt,0,1,1
https://bit.ly/4bfY65W,1,0,1
https://bit.ly/45EDGSR,1,0,1
https://bit.ly/4cdqtTI,0,1,1
https://bit.ly/4bgKRSF,1,0,1
https://bit.ly/45Aaw7F,1,0,1
https://bit.ly/4beWXLZ,0,1,1
https://bit.ly/3XAYl8H,1,0,1
https://bit.ly/45KhCX9,0,1,1
https://bit.ly/3XwAWVR,0,1,1
https://bit.ly/45B6egg,0,1,1
https://bit.ly/3zhBQLS,1,0,1
https://bit.ly/3zjaAg4,1,0,1
https://bit.ly/45z0js9,0,1,1
https://bit.ly/45BqoXo,1,0,1
https://bit.ly/4bfGrvo,1,0,1
https://bit.ly/45APs0A,1,0,1
https://bit.ly/45TMyo9,1,0,1
https://bit.ly/45BovtU,0,1,1
https://bit.ly/3zbGfjs,0,1,1
https://bit.ly/3XAYmJN,1,0,1
https://bit.ly/45FaJWX,0,1,1
https://bit.ly/45F9dnP,1,0,1
https://bit.ly/4eEnyFl,1,0,1
https://bit.ly/4cduXK6,1,0,1
https://bit.ly/4blhLBs,1,0,1
https://bit.ly/45KhJSz,1,0,1
https://bit.ly/45EDJ0Z,1,0,1
https://bit.ly/4cgxaoa,1,0,1
https://bit.ly/45FD9As,1,0,1
https://bit.ly/45EDItX,1,0,1
https://bit.ly/45APsO8,0,1,1
https://bit.ly/4bjeIJY,0,1,1
https://bit.ly/45BRtJX,0,1,1
https://bit.ly/45F9d7j,1,0,1
https://bit.ly/4bb2Fys,0,1,1
https://bit.ly/4bifWoQ,0,1,1
https://bit.ly/3zhBPYk,1,0,1
https://bit.ly/3xmejsC,1,0,1
https://bit.ly/4biTwUG,1,0,1
https://bit.ly/45TMu7T,1,0,1
https://bit.ly/3zhBRPW,1,0,1
https://bit.ly/3zjaEfO,0,1,1
https://bit.ly/3zfR6c0,1,0,1
https://bit.ly/45zK9yB,1,0,1
https://bit.ly/4ccSDOJ,0,1,1
https://bit.ly/45CZ0Z0,1,0,1
https://bit.ly/45K1GUY,1,0,1
https://bit.ly/45BRo97,0,1,1
https://bit.ly/4caMuCD,1,0,1
https://bit.ly/4ccSCu9,1,0,1
https://bit.ly/3XF3z35,1,0,1
https://bit.ly/4cdqsz8,1,0,1
https://bit.ly/4bj4ERt,1,0,1
https://bit.ly/4cqeHVW,1,0,1
https://bit.ly/3XzduHq,1,0,1
https://bit.ly/3zcT5Or,1,0,1
https://bit.ly/3zbY8hX,1,0,1
https://bit.ly/4cdqtmG,1,0,1
https://bit.ly/4bb2IKE,0,1,1
https://bit.ly/3xiUTVy,0,1,1
https://bit.ly/4cdjudu,1,0,1
https://bit.ly/3xiUTF2,1,0,1
https://bit.ly/45z0hk1,1,0,1
https://bit.ly/45z0hAx,0,1,1
https://bit.ly/3XDSS0G,1,0,1
https://bit.ly/45KhKG7,1,0,1
https://bit.ly/45BRr4N,0,1,1
https://bit.ly/3znLOLu,0,1,1
https://bit.ly/4bmc866,0,1,1
https://bit.ly/4bj4tFN,1,0,1
https://bit.ly/45EK9xt,1,0,1
https://bit.ly/45TMx3z,1,0,1
https://bit.ly/45K1Pru,1,0,1
https://bit.ly/4cdqw1Q,1,0,1
https://bit.ly/3zqwr4U,1,0,1
https://bit.ly/4cdqCGK,1,0,1
https://bit.ly/45C0DpS,0,1,1
https://bit.ly/3xiURgo,0,1,1
https://bit.ly/4ciAaQL,0,1,1
https://bit.ly/4cbaaXC,1,0,1
https://bit.ly/3xiUORK,1,0,1
https://bit.ly/45DeHzu,1,0,1
https://bit.ly/4bmwcFj,1,0,1
https://bit.ly/4cey04v,1,0,1
https://bit.ly/4beSf0U,1,0,1
https://bit.ly/4bj4zNF,0,1,1
https://bit.ly/45K1KUI,1,0,1
https://bit.ly/3zd00XM,1,0,1
https://bit.ly/45KhBCz,0,1,1
https://bit.ly/3xiUSRu,1,0,1
https://bit.ly/45F1kPk,0,1,1
https://bit.ly/3XxefRr,1,0,1
https://bit.ly/45KhHtV,0,1,1
https://bit.ly/4cey0l1,1,0,1
https://bit.ly/3XCeudV,1,0,1
https://bit.ly/45H9DtR,1,0,1
https://bit.ly/3zcT9Ob,1,0,1
https://bit.ly/45GStwG,1,0,1
https://bit.ly/4bczsDb,1,0,1
https://bit.ly/3xlwH4T,1,0,1
https://bit.ly/45zK8ux,0,0,0
https://bit.ly/45K1MvO,0,0,0
https://bit.ly/3XCes5D,0,0,0
https://bit.ly/45F1iGY,0,0,0
https://bit.ly/45zKbGJ,0,0,0
https://bit.ly/4cedxwX,0,0,0
https://bit.ly/3XwAXsT,0,0,0
https://bit.ly/4be3zu1,0,0,0
https://bit.ly/45B6c88,0,0,0
https://bit.ly/4bj4xp1,0,0,0
https://bit.ly/4cgx7Zw,0,0,0
https://bit.ly/45zK9i5,0,0,0
https://bit.ly/4bfYamc,0,0,0
https://bit.ly/3zhBPHO,0,0,0
https://bit.ly/45KhtTB,0,0,0
https://bit.ly/4cfzlbi,0,0,0
https://bit.ly/3zgLuOR,0,0,0
https://bit.ly/45zW3Zn,0,0,0
https://bit.ly/4boR8Mg,0,0,0
https://bit.ly/45AayMP,0,0,0
https://bit.ly/4cba16w,0,0,0
https://bit.ly/3zgLv5n,0,0,0
https://bit.ly/4cbIP7H,0,0,0
https://bit.ly/45EKaBx,0,0,0
https://bit.ly/3XAar1A,0,0,0
https://bit.ly/3xkZMxj,0,0,0
https://bit.ly/4cba8is,0,0,0
https://bit.ly/4cgxhQC,0,0,0
https://bit.ly/4cgxi78,0,0,0
https://bit.ly/45TMzsd,0,0,0
https://bit.ly/45EDJOx,0,0,0
https://bit.ly/3XDruQE,0,0,0
https://bit.ly/4bjpn7D,0,0,0
https://bit.ly/4biTufw,0,0,0
https://bit.ly/4cbIO3D,0,0,0
https://bit.ly/4bfY8L6,0,0,0
https://bit.ly/45zKaCF,0,0,0
https://bit.ly/4cedJwb,0,0,0
https://bit.ly/4cedBwH,0,0,0
https://bit.ly/45TMAfL,0,0,0
https://bit.ly/4bfYdhS,0,0,0
https://bit.ly/3XCqufs,0,0,0
https://bit.ly/45F1kyA,0,0,0
https://bit.ly/45BRrSl,0,0,0
https://bit.ly/3zbG9Z8,0,0,0
https://bit.ly/45DeAny,0,0,0
https://bit.ly/4cdqCqe,0,0,0
https://bit.ly/45F1lTa,0,0,0
https://bit.ly/45F1kyO,0,0,0
https://bit.ly/45E8rHN,0,0,0
https://bit.ly/45E8t2n,0,0,0
https://bit.ly/45TMzZf,0,0,0
https://bit.ly/45zK91z,0,0,0
https://bit.ly/4cba4iI,0,0,0
https://bit.ly/4cedwcn,0,0,0
https://bit.ly/4cdoBds,0,0,0
https://bit.ly/4cdqwPo,0,0,0
https://bit.ly/45C0DGo,0,0,0
https://bit.ly/45GSq3Y,0,0,0
https://bit.ly/3XANlrS,0,0,0
https://bit.ly/3xiUQck,0,0,0
https://bit.ly/4cba9D2,0,0,0
https://bit.ly/45DeLze,0,0,0
https://bit.ly/45KhCGD,0,0,0
https://bit.ly/4bj4B8f,0,0,0
https://bit.ly/4boR9Qk,0,0,0
https://bit.ly/4ccSCKF,0,0,0
https://bit.ly/3XwF9J6,0,0,0
https://bit.ly/4cgxkMi,0,0,0
https://bit.ly/4bjeMJI,0,0,0
https://bit.ly/45BqpdU,0,0,0
https://bit.ly/45KhLtF,0,0,0
https://bit.ly/4beWUQj,0,0,0
https://bit.ly/4caMt1x,0,0,0
https://bit.ly/45GSpgq,0,0,0
https://bit.ly/3zbY4id,0,0,0
https://bit.ly/4bftRMz,0,0,0
https://bit.ly/45CYXfM,0,0,0
https://bit.ly/3XAYkBF,0,0,0
https://bit.ly/3zqwqOo,0,0,0
https://bit.ly/45GSrVA,0,0,0
https://bit.ly/3zjaBk8,0,0,0
https://bit.ly/4cgxfIu,0,0,0
https://bit.ly/45F9jfb,0,0,0
https://bit.ly/3XCHa6K,0,0,0
https://bit.ly/3XCqv30,0,0,0
https://bit.ly/45K1J36,0,0,0
https://bit.ly/45EDKSB,0,0,0
https://bit.ly/4bwOp3r,0,0,0
https://bit.ly/45TMzIJ,0,0,0
https://bit.ly/45F9k2J,0,0,0
https://bit.ly/45FaN99,0,0,0
https://bit.ly/45APy8s,0,0,0
https://bit.ly/45H9DKn,0,0,0
https://bit.ly/3znGBmS,0,0,0
https://bit.ly/3zbGdIm,0,0,0
https://bit.ly/4bifWVS,0,0,0
https://bit.ly/4bfYfq0,0,0,0
https://bit.ly/4cf9bFH,0,0,0
https://bit.ly/45KhIht,0,0,0
https://bit.ly/45H9GWz,0,0,0
https://bit.ly/4bj4xFx,0,0,0
https://bit.ly/45F9iI9,0,0,0
https://bit.ly/45EDIdr,0,0,0
https://bit.ly/45KhHdp,0,0,0
https://bit.ly/4c4n8Gt,0,0,0
https://bit.ly/45KhOWn,0,0,0
https://bit.ly/45EDEKJ,0,0,0
https://bit.ly/3XCeuKX,0,0,0
https://bit.ly/3zbYc1b,0,0,0
https://bit.ly/45GSsc6,0,0,0
https://bit.ly/4cedwsT,0,0,0
https://bit.ly/3XCqsnQ,0,0,0
https://bit.ly/45EDIKt,0,0,0
https://bit.ly/4bjpqAl,0,0,0
https://bit.ly/4bj4Dgn,0,0,0
https://bit.ly/4bj4Ccj,0,0,0
https://bit.ly/4cdoChw,0,0,0
https://bit.ly/4ciAdfp,0,0,0
https://bit.ly/45DezQw,0,0,0
https://bit.ly/45APrty,0,0,0
https://bit.ly/4exnIOD,0,0,0
https://bit.ly/3XAYn0j,0,0,0
https://bit.ly/4cf9bpb,0,0,0
https://bit.ly/4bjpmR7,0,0,0
https://bit.ly/45APwgQ,0,0,0
https://bit.ly/45B6bB6,0,0,0
https://bit.ly/45APzt2,0,0,0
https://bit.ly/3XCetqd,0,0,0
https://bit.ly/45H9Flt,0,0,0
https://bit.ly/45F1o1w,0,0,0
https://bit.ly/4eADg48,0,0,0
https://bit.ly/4bjeNxg,0,0,0
https://bit.ly/3XCqtrU,0,0,0
https://bit.ly/4bifV4g,0,0,0
https://bit.ly/4bj4BFh,0,0,0
https://bit.ly/3XCqvjw,0,0,0
https://bit.ly/45F1k1M,0,0,0
https://bit.ly/3znLPPy,0,0,0
https://bit.ly/45H9Kph,0,0,0
https://bit.ly/4cdqAP8,0,0,0
https://bit.ly/45C0BOM,0,0,0
https://bit.ly/3XU7fOP,0,0,0
https://bit.ly/45K1GEs,0,0,0
https://bit.ly/3zjaCEI,0,0,0
https://bit.ly/4ct0jg1,0,0,0
https://bit.ly/4cgxhjA,0,0,0
https://bit.ly/4bbhOzS,0,0,0
https://bit.ly/3XU7g5l,0,0,0
https://bit.ly/45B6coE,0,0,0
https://bit.ly/45F1hmo,0,0,0
https://bit.ly/4bjpnVb,0,0,0
https://bit.ly/45DeEUk,0,0,0
https://bit.ly/3zhBVza,0,0,0
https://bit.ly/45BmvSa,0,0,0
https://bit.ly/45F9dEl,0,0,0
https://bit.ly/45EDGCl,0,0,0
https://bit.ly/45F99V7,0,0,0
https://bit.ly/45zW3bP,0,0,0
https://bit.ly/3XzQgko,0,0,0
https://bit.ly/45KhwyL,0,0,0
https://bit.ly/45BRqxL,0,0,0
https://bit.ly/4cfiiGm,0,0,0
https://bit.ly/3zjayVu,0,0,0
https://bit.ly/45F1ki4,0,0,0
https://bit.ly/45KhMhd,0,0,0
https://bit.ly/45zW53r,0,0,0
https://bit.ly/4be3yGt,0,0,0
https://bit.ly/4bfBaDY,0,0,0
https://bit.ly/45EKf8j,0,0,0
https://bit.ly/4cdlodZ,0,0,0
https://bit.ly/45GSpwW,0,0,0
https://bit.ly/45Dez2Y,0,0,0
https://bit.ly/4cedEIT,0,0,0
https://bit.ly/3XAaqe2,0,0,0
https://bit.ly/3Xxefkp,0,0,0
https://bit.ly/4beSbOI,0,0,0
https://bit.ly/3xiUSAY,0,0,0
https://bit.ly/45F1jLg,0,0,0
https://bit.ly/4cdqJlE,0,0,0
https://bit.ly/45H9K8L,0,0,0
https://bit.ly/3zfR5Vu,0,0,0
https://bit.ly/3XBBMAx,0,0,0
https://bit.ly/3XzQeZO,0,0,0
https://bit.ly/3zbY69P,0,0,0
https://bit.ly/45APtla,0,0,0
https://bit.ly/45APupe,0,0,0
https://bit.ly/45H9J4H,0,0,0
https://bit.ly/4cedBgb,0,0,0
https://bit.ly/4bj4z07,0,0,0
https://bit.ly/4bjeN0e,0,0,0
https://bit.ly/4cduZBI,0,0,0
https://bit.ly/3XCqs7k,0,0,0
https://bit.ly/4cba7uU,0,0,0
https://bit.ly/45F983v,0,0,0
https://bit.ly/45APBBa,0,0,0
https://bit.ly/45K1N2Q,0,0,0
https://bit.ly/3xkZJBD,0,0,0
https://bit.ly/45zW5jX,0,0,0
https://bit.ly/45zKbXf,0,0,0
https://bit.ly/45FaMlB,0,0,0
https://bit.ly/4bfYbXi,0,0,0
https://bit.ly/3XwhNmV,0,0,0
https://bit.ly/4cba3LG,0,0,0
https://bit.ly/4cgxgMy,0,0,0
https://bit.ly/45F1iHc,0,0,0
https://bit.ly/4cdqKGe,0,0,0
https://bit.ly/45KhEOL,0,0,0
https://bit.ly/4bfBaUu,0,0,0
https://bit.ly/4cbOtq5,0,0,0
https://bit.ly/4cgx53Q,0,0,0
https://bit.ly/3xiUT80,0,0,0
https://bit.ly/4cedxNt,0,0,0
https://bit.ly/3XCet9H,0,0,0
https://bit.ly/4boR7ba,0,0,0
https://bit.ly/4bczs69,0,0,0
https://bit.ly/45APvcM,0,0,0
https://bit.ly/3zgLrTb,0,0,0
https://bit.ly/4bjeLWa,0,0,0
https://bit.ly/45Bmw8G,0,0,0
https://bit.ly/45APqWw,0,0,0
https://bit.ly/45CYWZg,0,0,0
https://bit.ly/3XCetXf,0,0,0
https://bit.ly/3Xyblvx,0,0,0
https://bit.ly/4bfYh16,0,0,0
https://bit.ly/45B68Fq,0,0,0
https://bit.ly/4boRd2w,0,0,0
https://bit.ly/45zK79X,0,0,0
https://bit.ly/3znSY2h,0,0,0
https://bit.ly/4beSbyc,0,0,0
https://bit.ly/3Xybmj5,0,0,0
https://bit.ly/45zW93b,0,0,0
https://bit.ly/4bfGreS,0,0,0
https://bit.ly/4bczsTH,0,0,0
https://bit.ly/45Bqn5M,0,0,0
https://bit.ly/3zqwqhm,0,0,0
https://bit.ly/4ciAdvV,0,0,0
https://bit.ly/45zW6o1,0,0,0
https://bit.ly/3xmejc6,0,0,0
https://bit.ly/3XCetGJ,0,0,0
https://bit.ly/3zcT4tR,0,0,0
https://bit.ly/3XDSTlg,0,0,0
https://bit.ly/3XvbGzg,0,0,0
https://bit.ly/45GSroy,0,0,0
https://bit.ly/3XU7h9p,0,0,0
https://bit.ly/3zbY6Xn,0,0,0
https://bit.ly/45z0mUR,0,0,0
https://bit.ly/3XwFawE,0,0,0
https://bit.ly/45APGos,0,0,0
https://bit.ly/45Khwif,0,0,0
https://bit.ly/4cdqDKO,0,0,0
https://bit.ly/3zbY7up,0,0,0
https://bit.ly/3XBBMk1,0,0,0
https://bit.ly/4bixAcn,0,0,0
https://bit.ly/45zK8L3,0,0,0
https://bit.ly/45APHJ2,0,0,0
https://bit.ly/4ccSBq5,0,0,0
https://bit.ly/4bfBcvA,0,0,0
https://bit.ly/45E8seP,0,0,0
https://bit.ly/3XABVnK,0,0,0
https://bit.ly/4bj4yt5,0,0,0
https://bit.ly/45EKbW7,0,0,0
https://bit.ly/45DeFHS,0,0,0
https://bit.ly/45KhvuH,0,0,0
https://bit.ly/45AazAn,0,0,0
https://bit.ly/3zbY6GR,0,0,0
https://bit.ly/45KhBm3,0,0,0
https://bit.ly/4bgHJ96,0,0,0
https://bit.ly/4c4nb57,0,0,0
https://bit.ly/45EDLWF,0,0,0
https://bit.ly/45KhIOv,0,0,0
https://bit.ly/4bwOofT,0,0,0
https://bit.ly/3xiUSks,0,0,0
https://bit.ly/4cgxe7o,0,0,0
https://bit.ly/45APGVu,0,0,0
https://bit.ly/45BowOu,0,0,0
https://bit.ly/45F9abD,0,0,0
https://bit.ly/45AaxIL,0,0,0
https://bit.ly/3zcTbph,0,0,0
https://bit.ly/3xkZN4l,0,0,0
https://bit.ly/45FDao0,0,0,0
https://bit.ly/45C0zXa,0,0,0
https://bit.ly/45z0lAh,0,0,0
https://bit.ly/45zK9P7,0,0,0
https://bit.ly/45TMuEV,0,0,0
https://bit.ly/3xkZMgN,0,0,0
https://bit.ly/4cgxkfg,0,0,0
https://bit.ly/4cdqFSW,0,0,0
https://bit.ly/3XwhM2l,0,0,0
https://bit.ly/3zjaCVe,0,0,0
https://bit.ly/4cdqEym,0,0,0
https://bit.ly/3zgLuhP,0,0,0
https://bit.ly/4cdqNlo,0,0,0
https://bit.ly/4cedAZF,0,0,0
https://bit.ly/45FDeUM,0,0,0
https://bit.ly/45DeBI8,0,0,0
https://bit.ly/45KhM0H,0,0,0
https://bit.ly/45BRtcV,0,0,0
https://bit.ly/4bj4Fov,0,0,0
https://bit.ly/4bifQgY,0,0,0
https://bit.ly/3XwAVRN,0,0,0
https://bit.ly/3zbY5CN,0,0,0
https://bit.ly/4bfYaTe,0,0,0
https://bit.ly/3zpwldR,0,0,0
https://bit.ly/3XwF8F2,0,0,0
https://bit.ly/4be3zdv,0,0,0
https://bit.ly/45z0gwt,0,0,0
https://bit.ly/4cb9VvG,0,0,0
https://bit.ly/45KhC9B,0,0,0
https://bit.ly/45AaAUX,0,0,0
https://bit.ly/45BovKq,0,0,0
https://bit.ly/4bj4CZR,0,0,0
https://bit.ly/3XAaryC,0,0,0
https://bit.ly/4cjDlrC,0,0,0
https://bit.ly/3XAarP8,0,0,0
https://bit.ly/3znGAiO,0,0,0
https://bit.ly/3XwhMiR,0,0,0
https://bit.ly/45APA04,0,0,0
https://bit.ly/4cb9WzK,0,0,0
https://bit.ly/4bb2DXm,0,0,0
https://bit.ly/45BqqhY,0,0,0
https://bit.ly/4bj4FVx,0,0,0
https://bit.ly/4cb9Xni,0,0,0
https://bit.ly/4bjeJxw,0,0,0
https://bit.ly/45APB48,0,0,0
https://bit.ly/4blhKgS,0,0,0
https://bit.ly/45z0io5,0,0,0
https://bit.ly/4bb2Iu8,0,0,0
https://bit.ly/4cdoDC6,0,0,0
https://bit.ly/3XAJwmf,0,0,0
https://bit.ly/4cb9WQg,0,0,0
https://bit.ly/4cduXd4,0,0,0
https://bit.ly/3zbGbjI,0,0,0
https://bit.ly/3xiUPVO,0,0,0
https://bit.ly/45C0Fhu,0,0,0
https://bit.ly/45BRn53,0,0,0
https://bit.ly/4cedMbl,0,0,0
https://bit.ly/45Bqo9Q,0,0,0
https://bit.ly/4bmwagF,0,0,0
https://bit.ly/45BotSO,0,0,0
https://bit.ly/4cey18z,0,0,0
https://bit.ly/4biTvQC,0,0,0
https://bit.ly/45APF3S,0,0,0
https://bit.ly/3zbY01X,0,0,0
https://bit.ly/3zbXZuV,0,0,0
https://bit.ly/3zfOtH9,0,0,0
https://bit.ly/45TMtRn,0,0,0
https://bit.ly/4blhJtk,0,0,0
https://bit.ly/3zgLs9H,0,0,0
https://bit.ly/4cduZ4G,0,0,0
https://bit.ly/4bifVkM,0,0,0
https://bit.ly/3zjawwQ,0,0,0
https://bit.ly/3XCTFiC,0,0,0
https://bit.ly/45GSoZU,0,0,0
https://bit.ly/4bj4DwT,0,0,0
https://bit.ly/3xlwHBV,0,0,0
https://bit.ly/45BqmyK,0,0,0
https://bit.ly/3zfR7g4,0,0,0
https://bit.ly/4beScCg,0,0,0
https://bit.ly/4cdqMOm,0,0,0
https://bit.ly/4boR8vK,0,0,0
https://bit.ly/45F9g2Z,0,0,0
https://bit.ly/4cedGR1,0,0,0
https://bit.ly/4cedFMX,0,0,0
https://bit.ly/3XwF8ow,0,0,0
https://bit.ly/3zjazc0,0,0,0
https://bit.ly/3xlwEGf,0,0,0
https://bit.ly/3zhBSmY,0,0,0
https://bit.ly/4bfY91C,0,0,0
https://bit.ly/45Bosye,0,0,0
https://bit.ly/45BowxY,0,0,0
https://bit.ly/3zgLrm9,0,0,0
https://bit.ly/4bixzVR,0,0,0
https://bit.ly/4cba81W,0,0,0
https://bit.ly/45Khyqn,0,0,0
https://bit.ly/4bmc7z4,0,0,0
https://bit.ly/45KhFlN,0,0,0
https://bit.ly/45F9aZb,0,0,0
https://bit.ly/45C0Gly,0,0,0
https://bit.ly/4bbEzDT,0,0,0
https://bit.ly/3zjaDbK,0,0,0
https://bit.ly/3xlwHSr,0,0,0
https://bit.ly/45B6cVG,0,0,0
https://bit.ly/45zW2Vj,0,0,0
https://bit.ly/3XCHaDM,0,0,0
https://bit.ly/3XAJxGP,0,0,0
https://bit.ly/45FaOKf,0,0,0
https://bit.ly/45AaCw3,0,0,0
https://bit.ly/3XDrujC,0,0,0
https://bit.ly/4bj4Gc3,0,0,0
https://bit.ly/4bj4tWj,0,0,0
https://bit.ly/4bfY7H2,0,0,0
https://bit.ly/3zjaxko,0,0,0
https://bit.ly/3XCev1t,0,0,0
https://bit.ly/3XCHbaO,0,0,0
https://bit.ly/45F1nL0,0,0,0
https://bit.ly/45KhI0X,0,0,0
https://bit.ly/3zbY9m1,0,0,0
https://bit.ly/3znSWHH,0,0,0
https://bit.ly/45EKb8z,0,0,0
https://bit.ly/3zbGawa,0,0,0
https://bit.ly/45APIg4,0,0,0
https://bit.ly/45GSuRg,0,0,0
https://bit.ly/4bgHH0Y,0,0,0
https://bit.ly/3XyblM3,0,0,0
https://bit.ly/4cfihlM,0,0,0
https://bit.ly/4bbhPnq,0,0,0
https://bit.ly/45z0mEl,0,0,0
https://bit.ly/45FaOtJ,0,0,0
https://bit.ly/45DeAUA,0,0,0
https://bit.ly/45EKbFB,0,0,0
https://bit.ly/4bfWg4X,0,0,0
https://bit.ly/3znSYiN,0,0,0
https://bit.ly/4cba2Y8,0,0,0
https://bit.ly/4cakP4E,0,0,0
https://bit.ly/4bmc6eu,0,0,0
https://bit.ly/45BRopD,0,0,0
https://bit.ly/4cdqF5o,0,0,0
https://bit.ly/4cgxcfM,0,0,0
https://bit.ly/45KhuqD,0,0,0
https://bit.ly/3zgLtdL,0,0,0
https://bit.ly/4bjeMtc,0,0,0
https://bit.ly/3XDSTBM,0,0,0
https://bit.ly/3XwF9ZC,0,0,0
https://bit.ly/3xkZLcJ,0,0,0
https://bit.ly/45H9Gpx,0,0,0
https://bit.ly/4cey1W7,0,0,0
https://bit.ly/45FDfrO,0,0,0
https://bit.ly/4cdqEhQ,0,0,0
https://bit.ly/3XAaquy,0,0,0
https://bit.ly/45Bowhs,0,0,0
https://bit.ly/45APIN6,0,0,0
https://bit.ly/45E8pj9,0,0,0
https://bit.ly/45BqlLc,0,0,0
https://bit.ly/4bfY5io,0,0,0
https://bit.ly/45E8uDt,0,0,0
https://bit.ly/45F9cQN,0,0,0
https://bit.ly/45FaKdt,0,0,0
https://bit.ly/45FDeEg,0,0,0
https://bit.ly/3zjaAwA,0,0,0
https://bit.ly/45BmAoW,0,0,0
https://bit.ly/45EKeRN,0,0,0
https://bit.ly/45DeDzK,0,0,0
https://bit.ly/3zfR83C,0,0,0
https://bit.ly/4bjeJ0u,0,0,0
https://bit.ly/4bbEC2x,0,0,0
https://bit.ly/45E8svl,0,0,0
https://bit.ly/3znLOuY,0,0,0
https://bit.ly/4bifTta,0,0,0
https://bit.ly/45H9KWj,0,0,0
https://bit.ly/45zKcKN,0,0,0
https://bit.ly/3xiURNq,0,0,0
https://bit.ly/4bb2F1q,0,0,0
https://bit.ly/45B6cFa,0,0,0
https://bit.ly/45F1iqs,0,0,0
https://bit.ly/45Aaywj,0,0,0
https://bit.ly/4bb2Gm0,0,0,0
https://bit.ly/45F98k1,0,0,0
https://bit.ly/4cf9dgN,0,0,0
https://bit.ly/3XvbH6i,0,0,0
https://bit.ly/45EDNxL,0,0,0
https://bit.ly/4bj4GZB,0,0,0
https://bit.ly/4bgKSGd,0,0,0
https://bit.ly/3zbGcUO,0,0,0
https://bit.ly/4bifQO0,0,0,0
https://bit.ly/45zW6V3,0,0,0
https://bit.ly/45F9kjf,0,0,0
https://bit.ly/3XBjTlr,0,0,0
https://bit.ly/3zqwtK4,0,0,0
https://bit.ly/4beWWrp,0,0,0
https://bit.ly/3zhBTY4,0,0,0
https://bit.ly/45CYZnU,0,0,0
https://bit.ly/3XDST4K,0,0,0
https://bit.ly/45DeKva,0,0,0
https://bit.ly/45GSssC,0,0,0
https://bit.ly/45C0GSA,0,0,0
https://bit.ly/4bfBa6W,0,0,0
https://bit.ly/3zhBUeA,0,0,0
https://bit.ly/3Xxef3T,0,0,0
https://bit.ly/45F9fvX,0,0,0
https://bit.ly/3zbYaq5,0,0,0
https://bit.ly/3xiUTow,0,0,0
https://bit.ly/45z0gfX,0,0,0
https://bit.ly/4bfYd1m,0,0,0
https://bit.ly/3xlwE9d,0,0,0
https://bit.ly/4be3xSV,0,0,0
https://bit.ly/3xkZKpb,0,0,0
https://bit.ly/4c8pMuO,0,0,0
https://bit.ly/3zbGeMq,0,0,0
https://bit.ly/45FaLhx,0,0,0
https://bit.ly/4biTw78,0,0,0
https://bit.ly/3XxeeNn,0,0,0
https://bit.ly/4cedEbR,0,0,0
https://bit.ly/4cqeIcs,0,0,0
https://bit.ly/45zKbqd,0,0,0
https://bit.ly/3xkZNRT,0,0,0
https://bit.ly/3znSWYd,0,0,0
https://bit.ly/45F1l5Q,0,0,0
https://bit.ly/45zW8w9,0,0,0
https://bit.ly/45APyoY,0,0,0
https://bit.ly/45zKaTb,0,0,0
https://bit.ly/4cedvFl,0,0,0
https://bit.ly/45K1HIw,0,0,0
https://bit.ly/4bj4Ikb,0,0,0
https://bit.ly/3xkZKWd,0,0,0
https://bit.ly/4ct0k3z,0,0,0
https://bit.ly/45DeLPK,0,0,0
https://bit.ly/45DeJr6,0,0,0
https://bit.ly/3xiUVg8,0,0,0
https://bit.ly/45AayfN,0,0,0
https://bit.ly/45Boxlw,0,0,0
https://bit.ly/45F9eYV,0,0,0
https://bit.ly/4cedC3J,0,0,0
https://bit.ly/3xkZKFH,0,0,0
https://bit.ly/4bjeK4y,0,0,0
https://bit.ly/4boRaUo,0,0,0
https://bit.ly/45zKd1j,0,0,0
https://bit.ly/45K1R2A,0,0,0
https://bit.ly/4cedG3t,0,0,0
https://bit.ly/3zcT5hp,0,0,0
https://bit.ly/4bfYcdO,0,0,0
https://bit.ly/3zcTaSf,0,0,0
https://bit.ly/45Bqqyu,0,0,0
https://bit.ly/4bbEAHX,0,0,0
https://bit.ly/4cgxjrI,0,0,0
https://bit.ly/45BmyNQ,0,0,0
https://bit.ly/45BRoG9,0,0,0
https://bit.ly/3XBBNo5,0,0,0
https://bit.ly/45DeFYo,0,0,0
https://bit.ly/3zpwkGP,0,0,0
https://bit.ly/3xkZJ4B,0,0,0
https://bit.ly/45KhBT5,0,0,0
https://bit.ly/3XwAUxd,0,0,0
https://bit.ly/4bj4HwD,0,0,0
https://bit.ly/45AazQT,0,0,0
https://bit.ly/4bczr25,0,0,0
https://bit.ly/45C0ClO,0,0,0
https://bit.ly/3xkq9U9,0,0,0
https://bit.ly/3XAYlWf,0,0,0
https://bit.ly/45F1lCE,0,0,0
https://bit.ly/4boR9ji,0,0,0
https://bit.ly/45APAgA,0,0,0
https://bit.ly/45AaA7p,0,0,0
https://bit.ly/3XH6okp,0,0,0
https://bit.ly/45DeGeU,0,0,0
https://bit.ly/4cdjuKw,0,0,0
https://bit.ly/45APCoI,0,0,0
https://bit.ly/4cak3ov,0,0,0
https://bit.ly/45BRpdb,0,0,0
https://bit.ly/45C0CSQ,0,0,0
https://bit.ly/45FDfIk,0,0,0
https://bit.ly/4cdqwim,0,0,0
https://bit.ly/4bj4GJ5,0,0,0
https://bit.ly/45F1m9G,0,0,0
https://bit.ly/4cdqG9s,0,0,0
https://bit.ly/45KhFSP,0,0,0
https://bit.ly/45z0iV7,0,0,0
https://bit.ly/45EDHGp,0,0,0
https://bit.ly/45BRq0J,0,0,0
https://bit.ly/3XCeryB,0,0,0
https://bit.ly/3zbY8OZ,0,0,0
https://bit.ly/3Xzdt6k,0,0,0
https://bit.ly/45F1juK,0,0,0
https://bit.ly/45F1l5C,0,0,0
https://bit.ly/4bfYgu4,0,0,0
https://bit.ly/45FDdQI,0,0,0
https://bit.ly/45BotlM,0,0,0
https://bit.ly/3zjazJ2,0,0,0
https://bit.ly/45z0h3v,0,0,0
https://bit.ly/45K1PI0,0,0,0
https://bit.ly/45DeBb6,0,0,0
https://bit.ly/4boR5QA,0,0,0
https://bit.ly/3zd02im,0,0,0
https://bit.ly/45H9I0D,0,0,0
https://bit.ly/3XDrvnG,0,0,0
https://bit.ly/3zbY41H,0,0,0
https://bit.ly/45CYXwi,0,0,0
https://bit.ly/3zd00Hg,0,0,0
https://bit.ly/45EKdxd,0,0,0
https://bit.ly/45Bmwpc,0,0,0
https://bit.ly/3xlwDSH,0,0,0
https://bit.ly/4bfWf0T,0,0,0
https://bit.ly/45EDNOh,0,0,0
https://bit.ly/4c8pNyS,0,0,0
https://bit.ly/3zjaDIM,0,0,0
https://bit.ly/45KhyGT,0,0,0
https://bit.ly/4bj4CJl,0,0,0
https://bit.ly/45FDfbi,0,0,0
https://bit.ly/45F1mGW,0,0,0
https://bit.ly/4cfzkUM,0,0,0
https://bit.ly/45K1Mfi,0,0,0
https://bit.ly/45APvti,0,0,0
https://bit.ly/4cdqzL4,0,0,0
https://bit.ly/3zhBPaM,0,0,0
https://bit.ly/3XAJx9N,0,0,0
https://bit.ly/4bj4ABd,0,0,0
https://bit.ly/3xkq9n7,0,0,0
https://bit.ly/45EDKC5,0,0,0
https://bit.ly/3XH6oAV,0,0,0
https://bit.ly/4blhKxo,0,0,0
https://bit.ly/4blhL4q,0,0,0
https://bit.ly/3XANmMs,0,0,0
https://bit.ly/45Bqq1s,0,0,0
https://bit.ly/3zgLrCF,0,0,0
https://bit.ly/45EDMtH,0,0,0
https://bit.ly/4boRcvu,0,0,0
https://bit.ly/3zjaEMQ,0,0,0
https://bit.ly/4ceduBh,0,0,0
https://bit.ly/3XAYlpd,0,0,0
https://bit.ly/3XBjTSt,0,0,0
https://bit.ly/45TMwwx,0,0,0
https://bit.ly/3XBBNV7,0,0,0
https://bit.ly/4cedFfV,0,0,0
https://bit.ly/45FD9jW,0,0,0
https://bit.ly/45E8qnd,0,0,0
https://bit.ly/45Boy94,0,0,0
https://bit.ly/3zjaEwk,0,0,0
https://bit.ly/45DeLiI,0,0,0
https://bit.ly/45APGEY,0,0,0
https://bit.ly/4cedHEz,0,0,0
https://bit.ly/45EDNhf,0,0,0
https://bit.ly/3XBjSOp,0,0,0
https://bit.ly/3zhBW6c,0,0,0
https://bit.ly/4bfGpDM,0,0,0
https://bit.ly/45APEgk,0,0,0
https://bit.ly/45CYVVc,0,0,0
https://bit.ly/3xkZLJL,0,0,0
https://bit.ly/4biTuMy,0,0,0
https://bit.ly/4c8pMLk,0,0,0
https://bit.ly/3znGCaq,0,0,0
https://bit.ly/3Xyblf1,0,0,0
https://bit.ly/4cbOvhH,0,0,0
https://bit.ly/3zgLvlT,0,0,0
https://bit.ly/4bbEBvv,0,0,0
https://bit.ly/3zbGbAe,0,0,0
https://bit.ly/4bb2EKU,0,0,0
https://bit.ly/4cgxiUG,0,0,0
https://bit.ly/4cdqE1k,0,0,0
https://bit.ly/45FDgvS,0,0,0
https://bit.ly/45F1gyQ,0,0,0
https://bit.ly/3zgLpe1,0,0,0
https://bit.ly/4cdjvhy,0,0,0
https://bit.ly/3XBjU8Z,0,0,0
https://bit.ly/45F98R3,0,0,0
https://bit.ly/4cedzVB,0,0,0
https://bit.ly/45TMuVr,0,0,0
https://bit.ly/45F9as9,0,0,0
https://bit.ly/4cb9XDO,0,0,0
https://bit.ly/4bftRw3,0,0,0
https://bit.ly/3zgLpux,0,0,0
https://bit.ly/3XANlbm,0,0,0
https://bit.ly/4c4n7SV,0,0,0
https://bit.ly/45FaKKv,0,0,0
https://bit.ly/45zKdhP,0,0,0
https://bit.ly/45K1O6U,0,0,0
https://bit.ly/45F9fMt,0,0,0
https://bit.ly/3xiUVNa,0,0,0
https://bit.ly/3znLPz2,0,0,0
https://bit.ly/3XCHceS,0,0,0
https://bit.ly/45zKcuh,0,0,0
https://bit.ly/45EDK53,0,0,0
https://bit.ly/45EKekL,0,0,0
https://bit.ly/45FaNWH,0,0,0
https://bit.ly/4bifWFm,0,0,0
https://bit.ly/4cb9ZLW,0,0,0
https://bit.ly/4bifSW8,0,0,0
https://bit.ly/4bifXsU,0,0,0
https://bit.ly/4bgKRC9,0,0,0
https://bit.ly/3zjaF3m,0,0,0
https://bit.ly/45FDbZ6,0,0,0
https://bit.ly/3zfOuuH,0,0,0
https://bit.ly/4cey2t9,0,0,0
https://bit.ly/45FDdjG,0,0,0
https://bit.ly/45F9gA1,0,0,0
https://bit.ly/4cjDnzK,0,0,0
https://bit.ly/45DeGLW,0,0,0
https://bit.ly/45APDZO,0,0,0
https://bit.ly/3znLQTC,0,0,0
https://bit.ly/4cgx67U,0,0,0
https://bit.ly/3XU7gCn,0,0,0
https://bit.ly/4cdqK9c,0,0,0
https://bit.ly/45GSrF4,0,0,0
https://bit.ly/4cgxeEq,0,0,0
https://bit.ly/45DeIn2,0,0,0
https://bit.ly/4cbaGVj,0,0,0
https://bit.ly/45K1PaY,0,0,0
https://bit.ly/3zbGevU,0,0,0
https://bit.ly/45EKal1,0,0,0
https://bit.ly/3XABUQI,0,0,0
https://bit.ly/45APpSs,0,0,0
https://bit.ly/3XANlYU,0,0,0
https://bit.ly/45FDenK,0,0,0
https://bit.ly/3XABV7e,0,0,0
https://bit.ly/3zpwlKT,0,0,0
https://bit.ly/4cfiiWS,0,0,0
https://bit.ly/45Bqmie,0,0,0
https://bit.ly/4bbhO2Q,0,0,0
https://bit.ly/4cak2kr,0,0,0
https://bit.ly/4cedAc7,0,0,0
https://bit.ly/45EDKlz,0,0,0
https://bit.ly/45FaNGb,0,0,0
https://bit.ly/45CYYAm,0,0,0
https://bit.ly/45AaBrZ,0,0,0
https://bit.ly/3XwF8Vy,0,0,0
https://bit.ly/4bmwbBf,0,0,0
https://bit.ly/45Bqm1I,0,0,0
https://bit.ly/3XwhLLP,0,0,0
https://bit.ly/3zcT8K7,0,0,0
https://bit.ly/3XzdtmQ,0,0,0
https://bit.ly/45B6dsI,0,0,0
https://bit.ly/3xiUW3G,0,0,0
https://bit.ly/45F9cAh,0,0,0
https://bit.ly/3XBBNEB,0,0,0
https://bit.ly/45H9HtB,0,0,0
https://bit.ly/45F1iXI,0,0,0
https://bit.ly/45H9EOr,0,0,0
https://bit.ly/45CYUR8,0,0,0
https://bit.ly/45EKfoP,0,0,0
https://bit.ly/4bjppwh,0,0,0
https://bit.ly/45K1Qvy,0,0,0
https://bit.ly/4cgx8wy,0,0,0
https://bit.ly/4bftSA7,0,0,0
https://bit.ly/4cgx6oq,0,0,0
https://bit.ly/45APrd2,0,0,0
https://bit.ly/3XF3zQD,0,0,0
https://bit.ly/3zgatBI,0,0,0
https://bit.ly/45FaOdd,0,0,0
https://bit.ly/3zfOtXF,0,0,0
https://bit.ly/3zbGdbk,0,0,0
https://bit.ly/3Xzdwiw,0,0,0
https://bit.ly/4cgxiEa,0,0,0
https://bit.ly/45CYVEG,0,0,0
https://bit.ly/4bfY4Lm,0,0,0
https://bit.ly/45Bot5g,0,0,0
https://bit.ly/45EDJy1,0,0,0
https://bit.ly/45BmA8q,0,0,0
https://bit.ly/3XwhN6p,0,0,0
https://bit.ly/4cf9dxj,0,0,0
https://bit.ly/45KhCq7,0,0,0
https://bit.ly/45H9G91,0,0,0
https://bit.ly/4biTuw2,0,0,0
https://bit.ly/4cba1U4,0,0,0
https://bit.ly/45F1juw,0,0,0
https://bit.ly/45F9hUB,0,0,0
https://bit.ly/45KhQ0r,0,0,0
https://bit.ly/45APx4o,0,0,0
https://bit.ly/4cdqvuO,0,0,0
https://bit.ly/3XDrtMA,0,0,0
https://bit.ly/45FaMC7,0,0,0
https://bit.ly/3zgartA,0,0,0
https://bit.ly/3XItTJw,0,0,0
https://bit.ly/45F9hnz,0,0,0
https://bit.ly/3zhBVPG,0,0,0
https://bit.ly/4cb9YHS,0,0,0
https://bit.ly/3XAYmth,0,0,0
https://bit.ly/45H9JBJ,0,0,0
https://bit.ly/3zhBPri,0,0,0
https://bit.ly/45BRsFT,0,0,0
https://bit.ly/3XF3yMz,0,0,0
https://bit.ly/45TMwg1,0,0,0
https://bit.ly/45EKaS3,0,0,0
https://bit.ly/45BqmPg,0,0,0
https://bit.ly/45BmAFs,0,0,0
https://bit.ly/45C0EtW,0,0,0
https://bit.ly/45APtBG,0,0,0
https://bit.ly/45APHsw,0,0,0
https://bit.ly/45BRsWp,0,0,0
https://bit.ly/45K1QM4,0,0,0
https://bit.ly/3zjaG7q,0,0,0
https://bit.ly/3zhBTaw,0,0,0
https://bit.ly/4cb9XUk,0,0,0
https://bit.ly/45DeEDO,0,0,0
https://bit.ly/4bjeLp8,0,0,0
https://bit.ly/3XwAWFl,0,0,0
https://bit.ly/4cedCAL,0,0,0
https://bit.ly/3XwAW8j,0,0,0
https://bit.ly/4cdjv12,0,0,0
https://bit.ly/45Bqpuq,0,0,0
https://bit.ly/3xlwFtN,0,0,0
https://bit.ly/45KhuXF,0,0,0
https://bit.ly/3zhBUv6,0,0,0
https://bit.ly/4bfBbYy,0,0,0
https://bit.ly/45FaPhh,0,0,0
https://bit.ly/4bfYcuk,0,0,0
https://bit.ly/45EKfFl,0,0,0
https://bit.ly/4bmc5Hs,0,0,0
https://bit.ly/45EDFyh,0,0,0
https://bit.ly/3XDruA8,0,0,0
https://bit.ly/4bfGqYm,0,0,0
https://bit.ly/45KhwPh,0,0,0
https://bit.ly/45K1Onq,0,0,0
https://bit.ly/3XvbIHo,0,0,0
https://bit.ly/4cbIMsx,0,0,0
https://bit.ly/3XH6nwR,0,0,0
https://bit.ly/4cfzlIk,0,0,0
https://bit.ly/45GStNc,0,0,0
https://bit.ly/45H9F4X,0,0,0
https://bit.ly/3XvbIqS,0,0,0
https://bit.ly/3zjaGEs,0,0,0
https://bit.ly/4bbhPDW,0,0,0
https://bit.ly/4bifRS4,0,0,0
https://bit.ly/45KhAyv,0,0,0
https://bit.ly/45B6b44,0,0,0
https://bit.ly/4cfzjjG,0,0,0
https://bit.ly/4c8pO5U,0,0,0
https://bit.ly/45BRqhf,0,0,0
https://bit.ly/45BRnC5,0,0,0
https://bit.ly/4bgHHhu,0,0,0
https://bit.ly/3zbY8yt,0,0,0
https://bit.ly/45DeBYE,0,0,0
https://bit.ly/45DeIU4,0,0,0
https://bit.ly/3XvbIam,0,0,0
https://bit.ly/45AazjR,0,0,0
https://bit.ly/45zW9jH,0,0,0
https://bit.ly/3zcT5xV,0,0,0
https://bit.ly/45F9ib7,0,0,0
https://bit.ly/3XItSVY,0,0,0
https://bit.ly/4cdoEpE,0,0,0
https://bit.ly/4bfYeCs,0,0,0
https://bit.ly/45DeFrm,0,0,0
https://bit.ly/45zW9Ad,0,0,0
https://bit.ly/3zbY5mh,0,0,0
https://bit.ly/4cba5mM,0,0,0
https://bit.ly/3XItTt0,0,0,0
https://bit.ly/45H9IOb,0,0,0
https://bit.ly/3znSVU9,0,0,0
https://bit.ly/45F99o5,0,0,0
https://bit.ly/45zW7IB,0,0,0
https://bit.ly/3xiUQJm,0,0,0
https://bit.ly/4bjpnEF,0,0,0
https://bit.ly/3zbXYHn,0,0,0
https://bit.ly/4cgx8N4,0,0,0
https://bit.ly/3XH6mJj,0,0,0
https://bit.ly/3xlwFdh,0,0,0
https://bit.ly/4cfzjQI,0,0,0
https://bit.ly/45APvJO,0,0,0
https://bit.ly/45F99EB,0,0,0
https://bit.ly/3XzQfwQ,0,0,0
https://bit.ly/45EKe4f,0,0,0
https://bit.ly/4bbECzz,0,0,0
https://bit.ly/45zW2EN,0,0,0
https://bit.ly/4cba960,0,0,0
https://bit.ly/3XF3AnF,0,0,0
https://bit.ly/3xiUPFi,0,0,0
https://bit.ly/45AaCMz,0,0,0
https://bit.ly/4cgx9k6,0,0,0
https://bit.ly/4bfBbb0,0,0,0
https://bit.ly/45CYY3k,0,0,0
https://bit.ly/3xiUNxa,0,0,0
https://bit.ly/45K1ODW,0,0,0
https://bit.ly/45zW1AJ,0,0,0
https://bit.ly/45C0DWU,0,0,0
https://bit.ly/4cba1Dy,0,0,0
https://bit.ly/4beSdpO,0,0,0
https://bit.ly/3xmeioy,0,0,0
https://bit.ly/45K1LrK,0,0,0
https://bit.ly/3zqws8Y,0,0,0
https://bit.ly/3zgLtuh,0,0,0
https://bit.ly/3XBBMR3,0,0,0
https://bit.ly/3zjaB3C,0,0,0
https://bit.ly/45F1ndY,0,0,0
https://bit.ly/45APq8Y,0,0,0
https://bit.ly/3xiUWAI,0,0,0
https://bit.ly/45B6bkA,0,0,0
https://bit.ly/3XvbHDk,0,0,0
https://bit.ly/45zW0Nb,0,0,0
https://bit.ly/4bwOq7v,0,0,0
https://bit.ly/4bgKRlD,0,0,0
https://bit.ly/4bmwa09,0,0,0
https://bit.ly/45BouWS,0,0,0
https://bit.ly/45KhPtp,0,0,0
https://bit.ly/3zfR7N6,0,0,0
https://bit.ly/4bj4utl,0,0,0
https://bit.ly/45APyFu,0,0,0
https://bit.ly/3XCTF26,0,0,0
https://bit.ly/45DeJaA,0,0,0
https://bit.ly/45F9jvH,0,0,0
https://bit.ly/45APqpu,0,0,0
https://bit.ly/45KhJlx,0,0,0
https://bit.ly/3zbY81r,0,0,0
https://bit.ly/45KhLd9,0,0,0
https://bit.ly/4bbhQI0,0,0,0
https://bit.ly/45F9bMJ,0,0,0
https://bit.ly/45GSosS,0,0,0
https://bit.ly/45GSpNs,0,0,0
https://bit.ly/45KhJC3,0,0,0
https://bit.ly/45zKdOR,0,0,0
https://bit.ly/3XDSShc,0,0,0
https://bit.ly/45zKam9,0,0,0
https://bit.ly/4cb9Vfa,0,0,0
https://bit.ly/3XF3zjB,0,0,0
https://bit.ly/45TMyVb,0,0,0
https://bit.ly/3XCetqn,0,0,0
https://bit.ly/45B6dcc,0,0,0
https://bit.ly/45E8rYj,0,0,0
https://bit.ly/45EK9NZ,0,0,0
https://bit.ly/45Khx5N,0,0,0
https://bit.ly/4cedDEP,0,0,0
https://bit.ly/45KhHKr,0,0,0
https://bit.ly/3zjaC7G,0,0,0
https://bit.ly/45H9Ehp,0,0,0
https://bit.ly/45zW2oh,0,0,0
https://bit.ly/4bgHIly,0,0,0
https://bit.ly/3zbY161,0,0,0
https://bit.ly/3zjaDZi,0,0,0
https://bit.ly/4bifZkw,0,0,0
https://bit.ly/45C0Edq,0,0,0
https://bit.ly/45APAx6,0,0,0
https://bit.ly/4bgg6Nx,0,0,0
https://bit.ly/3XCHaUi,0,0,0
https://bit.ly/4cdqLdg,0,0,0
https://bit.ly/45F1hTq,0,0,0
https://bit.ly/3zcT50T,0,0,0
https://bit.ly/45K1Lbe,0,0,0
https://bit.ly/3zcT90D,0,0,0
https://bit.ly/45APDsM,0,0,0
https://bit.ly/3XCTGmG,0,0,0
https://bit.ly/45EDFhL,0,0,0
https://bit.ly/4cbOudD,0,0,0
https://bit.ly/3xkZLtf,0,0,0
https://bit.ly/45BoxSy,0,0,0
https://bit.ly/3zhBTr2,0,0,0
https://bit.ly/4cbIMc1,0,0,0
https://bit.ly/3zcTa4H,0,0,0
https://bit.ly/4cba6XS,0,0,0
https://bit.ly/45APC8c,0,0,0
https://bit.ly/45KhG9l,0,0,0
https://bit.ly/3zgLu1j,0,0,0
https://bit.ly/4bfYdyo,0,0,0
https://bit.ly/45z0kMJ,0,0,0
https://bit.ly/45F9ebn,0,0,0
https://bit.ly/45AawVd,0,0,0
https://bit.ly/45GSr82,0,0,0
https://bit.ly/4ct0ist,0,0,0
https://bit.ly/45KhMOf,0,0,0
https://bit.ly/45BmzBo,0,0,0
https://bit.ly/4cdqIy6,0,0,0
https://bit.ly/45APyW0,0,0,0
https://bit.ly/3zbY1D3,0,0,0
https://bit.ly/45FDbs4,0,0,0
https://bit.ly/45APBkE,0,0,0
https://bit.ly/4bczuuN,0,0,0
https://bit.ly/45F9jMd,0,0,0
https://bit.ly/45zW1kd,0,0,0
https://bit.ly/45B6a00,0,0,0
https://bit.ly/3xmejJ8,0,0,0
https://bit.ly/3zhBV28,0,0,0
https://bit.ly/45E8raL,0,0,0
https://bit.ly/45CYV7E,0,0,0
https://bit.ly/4ct0ibX,0,0,0
https://bit.ly/4cfzlrO,0,0,0
https://bit.ly/3zcT64X,0,0,0
https://bit.ly/45APzcw,0,0,0
https://bit.ly/45C0Fy0,0,0,0
https://bit.ly/4cdqy9Y,0,0,0
https://bit.ly/45EKcJF,0,0,0
https://bit.ly/45Khveb,0,0,0
https://bit.ly/45zKdyl,0,0,0
https://bit.ly/4beSetS,0,0,0
https://bit.ly/4cedKQL,0,0,0
https://bit.ly/4cbaaH6,0,0,0
https://bit.ly/45EDH9n,0,0,0
https://bit.ly/4bfY5yU,0,0,0
https://bit.ly/45F1jL2,0,0,0
https://bit.ly/3zgau8K,0,0,0
https://bit.ly/3XCqsEm,0,0,0
https://bit.ly/3zcTaBJ,0,0,0
https://bit.ly/45APwxm,0,0,0
https://bit.ly/4bj4Ekr,0,0,0
https://bit.ly/4cedxgr,0,0,0
https://bit.ly/4caMtyz,0,0,0
https://bit.ly/4bfYfGw,0,0,0
https://bit.ly/3XBjT4V,0,0,0
https://bit.ly/4cedL7h,0,0,0
https://bit.ly/3zhBQvm,0,0,0
https://bit.ly/45F1i9W,0,0,0
https://bit.ly/4caMum7,0,0,0
https://bit.ly/45GSoJo,0,0,0
https://bit.ly/3XCHbHQ,0,0,0
https://bit.ly/4beSc5e,0,0,0
https://bit.ly/45CYZ7o,0,0,0
https://bit.ly/4cjDlb6,0,0,0
https://bit.ly/3zcT9xF,0,0,0
https://bit.ly/45BqnTk,0,0,0
https://bit.ly/4bfY6ms,0,0,0
https://bit.ly/4bfYb9K,0,0,0
https://bit.ly/3XAas5E,0,0,0
https://bit.ly/4cdloL1,0,0,0
https://bit.ly/4ccSBGB,0,0,0
https://bit.ly/3zbY0it,0,0,0
https://bit.ly/45EDL97,0,0,0
https://bit.ly/45F1g1O,0,0,0
https://bit.ly/4bfGt6u,0,0,0
https://bit.ly/45APJ3C,0,0,0
https://bit.ly/45APxBq,0,0,0
https://bit.ly/3xlwGxR,0,0,0
https://bit.ly/45EDMdb,0,0,0
https://bit.ly/3zfR6J2,0,0,0
https://bit.ly/3XCesTb,0,0,0
https://bit.ly/3xkZM0h,0,0,0
https://bit.ly/4bwOpjX,0,0,0
https://bit.ly/3znSWaF,0,0,0
https://bit.ly/45C0Byg,0,0,0
https://bit.ly/45BRnlz,0,0,0
https://bit.ly/4bj4xW3,0,0,0
https://bit.ly/4biTv34,0,0,0
https://bit.ly/4boR7rG,0,0,0
https://bit.ly/3xmeiF4,0,0,0
https://bit.ly/45APqG0,0,0,0
https://bit.ly/3XDrvEc,0,0,0
https://bit.ly/45KhxTl,0,0,0
https://bit.ly/45Bmz4m,0,0,0
https://bit.ly/3XCHang,0,0,0
https://bit.ly/3Xzduao,0,0,0
https://bit.ly/3XxefAV,0,0,0
https://bit.ly/45FaQ4P,0,0,0
https://bit.ly/3zbGdYS,0,0,0
https://bit.ly/4bifR4w,0,0,0
https://bit.ly/3zcT791,0,0,0
https://bit.ly/45CYZEq,0,0,0
https://bit.ly/3XABVEg,0,0,0
https://bit.ly/4bczsmF,0,0,0
https://bit.ly/45AaCfx,0,0,0
https://bit.ly/3XwAV4f,0,0,0
https://bit.ly/3XAYmcL,0,0,0
https://bit.ly/4cjDmMc,0,0,0
https://bit.ly/3zjaCoc,0,0,0
https://bit.ly/45BmxJM,0,0,0
https://bit.ly/45DeL2c,0,0,0
https://bit.ly/45AaBZ1,0,0,0
https://bit.ly/4cdqyXw,0,0,0
https://bit.ly/45K1Iw4,0,0,0
https://bit.ly/45FaLOz,0,0,0
https://bit.ly/45BRrlj,0,0,0
https://bit.ly/4bgKU0N,0,0,0
https://bit.ly/4bb2GCw,0,0,0
https://bit.ly/3zgLsGJ,0,0,0
https://bit.ly/4cfiipQ,0,0,0
https://bit.ly/45zW7s5,0,0,0
https://bit.ly/45GSu3I,0,0,0
https://bit.ly/3zpwkqj,0,0,0
https://bit.ly/3zbGb3c,0,0,0
https://bit.ly/45TMxk5,0,0,0
https://bit.ly/45zW7bz,0,0,0
https://bit.ly/45DeyvW,0,0,0
https://bit.ly/4cjDn2I,0,0,0
https://bit.ly/3zjazsw,0,0,0
https://bit.ly/3xkqarb,0,0,0
https://bit.ly/45TMzbH,0,0,0
https://bit.ly/4cdqBma,0,0,0
https://bit.ly/45APpBW,0,0,0
https://bit.ly/45F1kii,0,0,0
https://bit.ly/3XxeewR,0,0,0
https://bit.ly/3XzdvLu,0,0,0
https://bit.ly/3Xybm2z,0,0,0
https://bit.ly/3xiUQZS,0,0,0
https://bit.ly/45CYVoa,0,0,0
https://bit.ly/45Khua7,0,0,0
https://bit.ly/3XvbGPM,0,0,0
https://bit.ly/3Xzds2g,0,0,0
https://bit.ly/4cgxgfw,0,0,0
https://bit.ly/3zcT7Wz,0,0,0
https://bit.ly/3XF3AUH,0,0,0
https://bit.ly/4bftQZ1,0,0,0
https://bit.ly/45APDcg,0,0,0
https://bit.ly/45APEwQ,0,0,0
https://bit.ly/3zbY9Cx,0,0,0
https://bit.ly/45APxkU,0,0,0
